 :-0.012112893968507482
':5.489980785067252E-4
(:8.234971177600879E-4
):8.234971177600879E-4
,:0.0041174855888004395
-:5.489980785067252E-4
.:0.008234971177600879
1:2.744990392533626E-4
4:2.744990392533626E-4
::5.489980785067252E-4
A:0.0032939884710403516
C:0.0030194894317869887
D:0.006862475981334065
E:0.0021959923140269007
H:2.744990392533626E-4
I:0.0021959923140269007
J:0.0021959923140269007
M:0.0024704913532802636
N:5.489980785067252E-4
O:2.744990392533626E-4
P:0.002744990392533626
R:5.489980785067252E-4
S:0.0060389788635739775
T:0.0032939884710403516
U:2.744990392533626E-4
a:-0.06420282983555012
b:0.009881965413121054
c:0.044194345319791384
d:-0.19182991041349537
e:0.07487335612507173
f:-0.1369450752376912
g:0.015371946198188307
h:0.024430414493549272
i:0.04385496468944177
j:0.0041174855888004395
k:0.0038429865495470767
l:0.025802909689816085
m:0.018116936590721933
n:0.03198662441045093
o:0.04742345219973549
p:0.0018566116836772895
q:0.001372495196266813
r:0.029855513687520277
s:-0.1009857010955007
t:0.06361889551568387
u:0.004052603997704192
v:0.010705462530881142
w:0.008509470216854241
x:-0.01708382202480473
y:0.006862475981334065
